-952 -472 503 -108 -818 742 -226 3 -525 306 799 -435 -616 566 -922 -385 623 779 786 68 -699 -743 -556 561 -548 959 710 -365 65 356 594 -665 137 808 631 -603 872 44 -947 936 399 327 -375 160 -774 808 -32 -106 241 534 -831 -78 109 -188 245 661
394 -167 548 62 -120 465 -493 905 996 -541 -853 386 352 -820 991 35 -986 253 260 -868 630 -700 437 10 798 -311 -901 -317 -963
108 -422 -208 -590 828 -725 264 -529 -105 -956 -568 -8 -324 998 898 28 2 811 374 -860 -827 372 -266 -66 803 696 568 428 867 -147 -417 -489 -950 159 -214 -812 -748 255 -221 -496 384 -743 957 360 -75 -308 -602 -695 -845 -51 418 -318 12 356 446 846 -533 63 -184 -169 -306 178 -529 339 -433 176 -81 889 488 -388 424 530 -934 -568 -926
-181 -938 -350 676 967 172 -458 -772 744 162 -49 495 -484 700 477 878 130 833 -448 -619 -627 -433 73 26 -486 205 383 516 481 734 -820 -421 -703 660 -948 -755 -159 948 -862 767 -198 -748 -979 150 -491 -127 -508 -724 -711 43 209 -123
-160 -643 195 -809 -8 370 780 919 266 954 695 -743 410 490 -542 -199 -597 -915 603 259 846 -114 38 674 -317 109 10 -744 -918 206 -368 -637 633 -555 -755 956 358 540 -599 40 532 -973 33 -529 831 -819 -323 -735 -251 39 -218 -597 314 579 -623 -422 -13 307 235 831
792 -738 531 -39 -661 971 -781 649 259 -623 750 45 -47 -593 -987 -656 568 -249 622 416 -826 -547 505 -514 -580 182 321 -716 -748 -258 -686 504 -527 680 -25 805 -545 -789 -729 -543 580 29
-846 -889 868 -921 61 -668 -142 -110 -808 -361 967 40 789 -612 -213 459 -940 -487 -813 -374 -884 165 -663 -243 -294 32 109 -123 -730 679 -645 -509 -980 -134 602 -439 669 -711 -82 753 429 398 -868 931 -290 -724 -281 866 780 84 573 800 -902 -647 841 -495 -497 334 369 171 -990 -297 231 -655 -892 -437 145 -795
-221 -107 561 797 436 -112 -210 -869 -296 504 -37 -23 808 427 596 919 388 275 -170 -412 738 -601 -453 -696 -716 865 822 -440 -583 447 670 -779 -805 -713 -776 -745 492 836 -499 -711 169 -183 577 493 -744 -386 -879 -517
46 988 -840 -426 -118 552 293 -316 -420 -811 -63 -640 16 865 -114 568 -186 445 155 476 -515 887 851 636 -245 968 -679 -74 -285 -994 -437 968 689 443 854 -529 106 -406 -621 85 -249 -884 263 632 -937 -818 743 -646 -50 232 663 140 -253 -562 266 184 -112 -12 586 327 792 11 933 -417 -862 834 144 -711 664 -685 16 -583 -930 -415
461 109 190 -915 -476 -743 197 708 252 -282 -116 -345 576 -859 -910 718 -149 -841 112 287 -810 136 -796 -519 -912 166 548 90 983 -243 768 -119 348 259 -497 -570 -595 -315 -643 637 -803 911 -302 -570 763 462 413
154 -527 -985 602 -72 315 -523 840 670 47 318 -289 -188 -702 -264 555 983 770 457 -687 41 86 248 268 801 -696 -858 184 528 -474 -942 -8 437 -170 -613 -840 28 -91 708 146 -211 -981 252 -207 909 967 -420 664 -877 119 -303 -838
89 588 -511 174 -748 -625 741 -735 -722 -661 148 -326 -767 -891 -4 -22 -954 -916 452 -715 -39 -257 -927 -928 -436 780 220 -374 859 786 -587 -484 982 476 238 765 634 535 464 -82 -850 -34 781 673 883 197 -552 524 -923 77 -709 688 -55 142 -813 421 -847 949 912 -385
753 355 -263 -510 581 -952 -823 -742 966 759 818 -102 116 175 405 191 -254 -250 -209 491 361 805 49 391 808 -901 782 728
-489 -145 -189 -53 334 545 140 -96 9 777 542 -965 -498 568 -875 -624 -521 723 -848 981 -585 941 -988 863 -959 -789 245 20 945 -251 -902 503 -682 8 290 885 910 -326 -364 -563 -184 -548 108 27 190 -135 -872 -801 849 -881 652 519 -251 677 836 459 -209
490 478 69 493 940 915 -904 843 -401 -343 -853 -44 505 -877 -831 -791 90 733 449 836 893 322 -316 332 172 -523 400 -160 458 -766 -446 -276 -502
-254 -667 -926 218 -492 627 654 108 -741 42 -387 371 65 745 376 -228 641 839 782 431 -581 -475 -931 -666 -10 -557 12 -11 298 -871 -941 -218 756 -748 293 796 825 -267 62 959 969 586 283 -996 -980 -857 419 -831 331 816 -627 628 568 -197 -52 -161 673 439 -997 207 412 339 -489 -165
-975 -372 807 256 914 826 -298 675 405 -620 -283 -79 -947 176 184 599 32 -83 -287 936 923 733 -251 -862 -260 482 -332 180 873 -615 -788 525 -669 349 -394 18 -77 861 474 903 197 -826 918 586 -819 -393 731 -479 -652 183 -79 459
-206 228 357 130 149 270 -592 -551 -897 438 -94 -87 503 882 -73 -687 -462 -561 -185 361 163 548 -196 -463 826 200 287 732 -206 -34 352 342 -387
994 -36 132 -34 251 741 -85 -315 -968 572 668 -687 250 394 -810 -692 737 591 277 -786 -421 -997 328 241 -573 -449 -88 -165 472 41 523 -730 332 -66 -525 840 -749 -209 704 -380 889 -149 -953 159
-166 110 399 653 -110 573 124 677 203 544 -423 -768 157 -735 392 637 368 611 -532 502 923 238 -597 221 -956 -599 437 -876 618 54 312 397 287 -153 -681 -86 295 -34 -609 171
-211 -115 -368 -776 -716 684 -593 162 218 -938 888 -854 -745 -163 -635 315 852 -394 -319 230 -258 343 -730 -170 759 -956
-58 367 826 180 834 -72 -773 641 701 823 -409 952 383 -93 198 -437 -832 520 -938 992 -549 94 -987 550 801 650 0 -11 -270 -388 -889 649 -433 601 -43 210 -863 423 618 -429 -536 363 554 -277 -574 45 86 -953 740 -520 -105 -387 800 -465 -377 -879 -747 -783 -527 -62
216 723 279 408 633 -988 -49 316 -126 271 777 -97 -884 527 -895 -403 315 -515 870 828 -342 -829 -107 479 -4 846 728 -642 167 -36 244 -60 -490 -236 586 -693 427 -94 696 -335 50 -753 124 808 -643 -544 -533 -517 592 390 -743 -757 -190 -375 -220 972 123 208
317 -519 915 105 -445 403 544 -128 927 995 713 131 -478 51 -923 546 157 -959 -786 913 -517 -902 869 -130 -79 -392 -780 139 -896 -36 -28 -66 857 -214 623 -219 764 671 -342
56 344 -711 -351 211 48 -928 -216 82 380 -355 -427 649 -900 -716 -980 689 -218 741 -813 870 406 502 652 -728 -381 322 -964 -740 523 -885 395 -523 88 811 496 845 -122 559
792 926 753 384 -801 129 509 542 -999 -461 -791 -637 545 701 -683 923 215 -633 603 -718 -216 -703 -823 -351 389 -544 816 -211 755 908 857 577 246 -718 318 452 445 349 -116 876 581 -904 -558 745 363 -621 924 -965 -789 227 633 848 -473 173 240 -127 -868 -285 687
-116 554 643 -907 -715 -228 958 482 -676 686 610 -371 555 -823 271 723 -198 613 -653 841 995 -880 646 988 40 474 -507 -243 -783
-657 -577 -336 -974 -493 389 -67 -238 -519 -562 -917 -854 -598 -141 283 -543 10 358 -18 -482 -782 412 -309 -507 800 -276 -212 743 478 -908 568 -714 131 -297 -472 -581 716 -584 376 899 255 852 -38 444 -523 514 949 -79 970 663 -999 -742 -980 -25 530 255
466 -112 -127 542 -883 461 -250 715 -433 -122 -390 -353 703 710 113 142 861 -466 -729 -855 -914 -295 -252 -799 -241 16
464 -175 -49 63 -528 4 850 -356 -430 6 -638 663 -734 425 -748 -472 -692 128 725 896 -863 360 621 221 -964 -551 -323 422 717 -798 -154 942 -517 -795 685 -60 -847 310 -187 682 -653 -320 -452 -966 -473 479 751 320 291 -569 988 -572 -483 360 862 -61 -96 648 -740 902 -441 302 314
602 635 344 660 -58 695 -984 724 -244 -82 929 70 743 921 -937 337 193 161 711 760 -649 595 -134 745 177 -562 -8 200 519 117 -803 674 152 -640 -580 -607 -280 -300 12 64 968 -929 -518 -156 18 -261 -705 159 322 425 -604 192 436 -243 436 -665
704 997 -563 -470 -503 790 -150 10 -595 -467 -973 561 -473 -678 530 471 -999 140 572 -51 -521 -709 -807 -308 -294 -662 -414 403 499 976 296 292 458 162 847 -859 939 949 638 126 -653 279 -592 769 66 336 -681 -355 -666 780 832 957 561 -4 -952 173
645 874 -253 -546 46 35 21 -939 659 -146 967 -976 -267 795 185 -810 -290 -445 -258 -474 -638 108 -62 -549 12 -553 -135 62 -296 -221 -120 -123 802 -873 -646 30 -975 -353 759 -60 -797 -282 -301 33 648 -728 721 -820 -819 -529 -463 -645 140 326 860 956 985
-328 113 -888 421 -872 568 -968 -292 -370 -372 559 58 874 576 -52 -553 -161 20 -905 283 273 -787 541 -96 -349 152 -546 -55 -218 724 -153 560 724 754 -487
-450 -237 -655 -28 -335 925 856 732 447 215 -723 -820 -873 -379 240 503 -652 611 -594 -445 -154 636 299 507 556 874 -789 -810 -474 557 -873 -267 -532 -20 -349 -706 -803 235 -940 -401 -317 -688 264
-245 -116 -203 -713 236 177 925 -428 210 771 75 777 -419 -414 -49 -691 -700 -310 483 -921 -916 -183 -323 -345 -452 -70 -316 -354 573 -825 334 440 404 -498 -673 -515 -717 -369 105 750 785 759 -349 -456 766 281 -759 -677 -305 -911 330 3 -54 317 947 938 607 130 400 9 -218
810 -433 -218 -48 390 -944 536 570 306 -508 -268 963 -716 -900 -481 -831 -428 177 928 -555 668 426 -79 -650 616 554 -72 783 800 -678 321 -855 -628 504 -995 883 -383 513 536 254 80 -388 -805 -912
370 -313 -403 -132 959 145 -795 -812 438 41 297 921 360 -493 637 81 210 -454 301 538 -826 -467 -25 -45 825 -6 562 598 56 -901 246 -555 920 624 -644 632 -661 39 -326 534 712
-973 12 -261 -638 693 367 226 709 -419 -905 -247 13 -574 -512 -641 964 123 446 -426 890 294 588 -871 -722 -45 -276 -898 -408 717 142 632 -507 678 694 -762 614 50 373 7 -658 149 125 830 -614 507 328 -773 -524 -303 -97 -185 199 331 371 -945 -988 -201 -101 240 -731 -894 -708 787 245 -796 618 -38 466 570 205 -991 618
319 695 290 -880 837 507 828 972 640 -528 55 -984 -179 -908 -440 699 -863 528 -753 85 -185 977 -565 -199 -181 59 -506 817 -496 -46 660 73 -833 736
517 -437 513 -454 -711 310 -888 353 -573 435 -804 -490 827 -268 -86 -45 -536 229 -161 -832 -812 436 -377 -796 909 -744 863 9 787 100 359
-717 809 765 863 412 885 -662 -384 969 -321 865 -54 -858 455 -180 816 -768 -383 -456 20 -185 -216 -141 -251 441 399 602 820 345 20 -85 -922 -261 690 -458 969 -21 3 -5 930 -801 -284
-810 29 15 441 83 492 -20 -190 404 25 -771 -497 600 991 821 -106 711 -474 532 850 -419 -97 318 554 546 -897 932 283 843 -795 158 -924 886 -927 -958 956 -770 -624 172 335 -369 970 -931 -471 -239 -332 -648 -972 241 657 -390 -110 897 -361 7 -933 547 -530 -866 -328 -817 -548 -407 -293 848 519 -120 833 -878 -460 -244 583 -681
316 -245 172 274 -670 610 905 -462 -775 -444 -951 -969 -707 -407 -146 -535 151 715 640 -435 320 -341 -935 -534 -141 -351 150 155 258
441 584 574 647 369 -344 722 -269 -139 251 -313 -360 -138 541 -824 484 918 -569 64 -586 -237 -426 328 215 -116 820 857 -106 -937 -395 -213 446 -443 372 -702 -954 456 -51 515 451 -35 164 -418 562 -783 790 117 -72 126 -273 -164
-82 766 986 117 160 263 268 550 -307 320 949 323 924 722 200 740 -439 635 -65 60 -485 764 123 46 -157 116 -382 633 656 123 -772 -454 326 181 923 200 -658 629 563 31 -271 -667 -549 522 214 625 -371 250 190 -361 -786 -754 187
635 80 0 -472 -359 -597 273 -854 -954 325 -262 834 327 -939 -6 -261 -624 -553 609 -178 428 342 490 431 382 800 43 311 -785 59 167 -194 380 -733 -353 169 -245 -856 461 347 705 -600 970 864
664 -632 786 824 888 595 -686 30 -22 726 -786 -656 952 882 407 517 835 959 360 975 388 -861 858 -679 997 -61 364 -937 412 -571 100 -951 -378 -479 -321 -19 89 -461 407
-827 -531 -131 839 485 960 365 755 977 56 -685 -573 419 -603 -740 -462 164 -347 -442 -801 -922 447 -218 550 -132 -50 -914 697 -505 -281 157 -916 -265 428 -269 -989 -998 -468 575 -918 -887 108 -934 -131 767 365 -730 959 531 -171 -116 555 -946 -342 509 -285 -368 575
-411 -391 -183 -205 -503 -947 -225 862 262 -214 446 99 -799 -734 -422 -809 84 -988 819 -932 -576 978 454 -133 200
-415 370 139 832 -885 -662 968 355 663 616 958 622 801 -175 -26 469 -909 217 -975 308 -345 838 731 584 -203 180 147 269 -871 928 20 850 -769 36 -378 786 -602 702 544 595 432 647 -880 -300 662 -923 592 -968 -416 -341 814 782 -135 -20 -604 992 112 -207 207 -956 236 985 -268 -497 -70 484 12 -564 403 -409 761
-269 -624 207 -950 -389 -668 -730 -778 701 -324 -225 -413 204 -373 617 -76 221 736 130 -544 -156 -760 -675 77 -17 -125 -63 800 282
963 -650 -921 -498 743 886 -431 508 307 -533 -870 389 -572 125 -156 529 -849 -301 394 -178 -555 -686 135 -434 973 359
-63 449 12 -265 400 856 -736 -730 871 589 -721 -874 985 503 -353 -11 993 255 -934 810 -451 867 537 -520 102 -463 957 -482 623 -194 281 -134 -687 -696
548 315 705 -258 -56 853 89 943 -700 -228 840 293 -616 800 -619 -354 429 -33 143 238 -107 -113 424 -293 834 -720 -24 623 353 873 647 -673 -533 -429 -841 -842 -124 -196 12 -659 668 -786 -939 613 856 36 -922 118 -50 -343 -588 390 586 230 892
-16 648 -673 -134 764 454 -618 507 -865 402 412 617 -852 -597 -752 498 -229 -385 159 325 714 -497 753 -359 811 -909 699 141 -731 -106 548 -704 -192 -840 498 830 688 9 -299 651 -398 157 -523 479 -344 871 -412 -999 253 279 604 -264 -7 547 705 13 699 695 430 547
388 687 -949 -263 194 490 -911 -777 -757 260 52 399 -960 -989 636 877 177 832 771 290 791 -421 -501 -600 -302 638 214 -56 599 -714 -252
-178 -214 158 -240 352 -467 673 382 618 28 263 9 -62 350 584 -314 439 -687 905 193 829 810 587 396 59 -985 210 61 332 -597 984 -223 -931 500 -878 197 643 244 -863 468 550 739 495 -219 343 -989 -510 -306 -590 -129 -120 180 158
449 750 -840 -728 -844 -272 -139 832 -446 -866 -166 440 -458 -675 -635 -491 950 437 730 -473 947 656 -26 909 387 164 -293 -251 307 -362 943 36 696 994 664 -928 -273 -660 -799 256 784 987 806 -850 323 -312 -866 432 424 -423 493 -504 611 -49 58 946 142 -662 69 -786
62 -287 380 -641 960 809 720 965 547 993 -278 917 99 572 -269 -863 -109 541 -255 965 457 -928 514 -972 -631 333 -987 -80 799 242 44 203 -246 -941 -894 471 -299 -919 -902 -164 -736 -595 -524 911 -719 477 -662 317 -454 -11 -812 629 -162 635 41 -227 -784 742 -280 -351 522 -191 -294 702 -374 393 126 -315 -192 -80
540 -595 -992 893 990 -2 735 608 -416 507 391 598 -112 710 158 124 -556 55 -137 211 18 -228 987 -638 207 39 372 202 277 -387 452
8 590 -816 579 807 -158 777 364 69 893 -578 -654 113 -72 -863 -478 -796 -791 -389 604 344 -785 -841 33 -144 -361 725 550 -599 -419 -989 728 506 -737 -230 708 -856 -777 -304 -229 774 -478 251 -240 711 -596 -399 880 -235 315 -364 788 743 -281 383 -334
-851 -98 87 -331 902 907 853 582 -278 290 -437 -861 -952 62 357 287 -876 310 -641 850 -246 426 552 989 -544 721 -135 744 775 250 -687 -462 842 -406 -257 140 -56 -160 706 -670 -679 -582 -140 533 688 735 -382 -955 -417 -243 -236 -184 641 -378 137 610 -39 -322 -775 -56 348 -970
-318 988 813 -94 881 -341 -639 -338 -333 -234 -567 229 -877 689 64 -263 46 635 -569 939 715 -453 -596 -246 552 -810 732 14 254 -259 296 -277 57 -189 752 -266 -966 -597 -119 82 -266 415 -210 793 541 -650 -454 675 -42 -988 323 -128 -604 -291 -563 -365 445 78 110 -824 -218
464 -460 -732 -359 893 -732 776 956 629 -513 -378 -327 665 762 211 218 -548 -756 113 -552 -492 57 -116 -857 938 861 441 946 -287 -493 911 -108 -357 441 756 -740 906 -840 -547 610 508 962 39 171 349 283 636 -300 136 272 -837 -396 77 547 544 524 901 -737 332 458 608 130 34 694 -454 -144 685 -812
46 539 -348 -253 -51 -710 198 -776 -539 350 -478 510 -904 738 629 982 -142 523 404 709 342 -190 -822 -479 -515 -473 -576 776 184 68 117 -185 -157 210 97 -340 -678 -565 981 -757 -732 -927 451
-997 868 -400 -393 250 -572 73 242 -660 -313 -71 -179 -409 499 -915 -276 -708 -114 -523 700 -273 399 583 110 445 -222 2 522 336 -724 -14 85 -414 -235 -14 -471 -410 307 346 -449 -548 -713 829
-904 -917 -583 -932 -742 59 -839 618 -838 398 -518 568 724 -407 -518 534 347 -511 726 651 932 -502 -660 510 244 231 -355 -315 -707 -327 -214 -413 725 688 -931 -900 747 -31 716 624 -130 896 714 619 513 668 -20 -766 864 506 632 -373 678 445 841 526 -231 -862 -95 741 -489 955 -542 47 592 464
-795 401 -366 301 -16 940 327 281 -1 806 614 67 935 -682 -790 720 -781 637 -898 737 -762 -983 -712 -731 83 -514 673 -902 45 380 -698