-624 13 622 -715 N/A -887 -372 941 729 N/A 100 350 N/A -164 -733 N/A 866 896 658 N/A -963 462 N/A 866 N/A -715 958 -585
-137 372 309 N/A 963 -139 -661 N/A 878 -274 -814 N/A 77 -81 260 588 -672 -294 479 -125 N/A 751 -88 N/A 929 N/A 701 N/A -449 N/A 374 616 N/A 920 461 N/A -551 126 800 332 -320 250 N/A 187 622 N/A 693 550 -377 189 N/A -891 -506 N/A -341 385 935 N/A 552 875 399 -485 N/A -809 484 -813 -846 -47 N/A 702 384
-901 223 539 N/A 960 769 -283 N/A 371 N/A -895 59 -208 422 N/A 523 139 294 -531 N/A -321 41 -64 829 -859 138 -127 N/A -235 N/A -865 428 -247 -385 N/A 630 272 55 428 N/A 327 645 576 N/A 514 -710 N/A -416 N/A -117 -393 N/A 766 686 -804 N/A -161 115 N/A -948 N/A -434 668 858 -176 N/A 214 976
-945 N/A -391 -693 506 N/A 163 N/A 769 494 N/A -120 660 237 -839 -32 -126 N/A 805 -965 N/A 282 -797 N/A 783 928 460 -610
-771 630 36 -631 N/A -191 -387 -187 -307 N/A -116 -165 N/A -796 285 -36 -596 -116 N/A -582 N/A 614 -389 N/A 234 19 N/A -668 443 -934 -511 -4 N/A -565 N/A 614 -404 N/A -783 -488 -966 87 N/A -790 -602 -657 N/A -189 -315 -805 -188
-770 N/A -782 134 N/A 353 391 -44 -962 N/A 975 N/A 112 -152 -281 -702 N/A -957 89 N/A 992 -206 N/A -878 -367 -245 95 -51 -622 -926 47 N/A 818 201 N/A -593 40
704 -845 -828 -603 787 N/A 112 -111 N/A 106 727 429 N/A 21 -377 -623 42 N/A 952 N/A -335 N/A -947 -143 -323 N/A 0 -673 -461
-598 -88 -228 542 -857 81 615 N/A -640 21 N/A -784 457 -232 N/A -42 455 N/A 336 86 384 N/A 652 450 N/A 773 376 -702 -260 N/A 286 N/A -345
-555 -617 -62 N/A -40 -122 N/A -855 761 N/A 412 N/A 276 -979 -500 -294 -820 -905 571 N/A 961 452 N/A 764 509 980 963 895 160 965 N/A -133 -270 413 126 N/A -389 474 N/A -468 195 991 N/A -257 -735 N/A -329 349 N/A 913 N/A 148 570 -730 686 -4 -853 N/A 129 N/A 210 573 475
-538 N/A -203 N/A 212 -382 -941 -766 33 -501 N/A 576 -738 N/A 262 847 212 -371 N/A -959 -698 -604 -529 -738 N/A 606 N/A -850 225 502 728 -422 122 716 -874 -5 N/A -963 992 -846 N/A 438 400 N/A 64 N/A -105 N/A -979 152 N/A -145 -615 N/A -748 792 877
914 503 -289 389 -299 889 N/A 722 -522 N/A -215 -510 723 -732 -473 N/A 200 N/A 114 N/A 745 106 -827 209 N/A 419 425 -992 660 688 -287 74 744 316 N/A -528 462 N/A 412 N/A -252 N/A 915 N/A 585 -133 N/A 132 -228 -172 726 N/A -317 -379 N/A 626 731 214 -447 -395 52 N/A -786 N/A 271 N/A -747 -647 N/A 986 -374 728 635 -887
-981 N/A 627 -588 N/A 721 N/A 715 478 -420 -609 -988 592 969 N/A 531 -218 N/A -931 945 -414 40 257 -812 N/A -275 -952 -8 149 621 N/A -309 N/A 883 607 -282 998 N/A -14
-171 N/A 148 -537 N/A -260 496 905 N/A 963 906 229 580 474 N/A -464 N/A -394 766 N/A 881 193 878 N/A -269 -332 503 647 -305 557 -157 683 -382 N/A 396 688 N/A -428 -145 N/A -365 743 856 N/A 825 N/A -975 525 560
-262 N/A -335 N/A -909 N/A -528 N/A -20 N/A -7 -364 -119 N/A -353 721 -773 -712 -67 -835 558 -350 228 -187 N/A 638 -7 -673
-675 -47 -663 N/A -304 N/A 37 451 N/A -390 -326 932 -286 930 N/A 37 -864 -340 50 N/A -186 N/A 678 -371 773 -537 N/A 768 -704 -606 228 N/A -62 457 -68 N/A 205 766 954 N/A -247 786 70 N/A -473 -193
-181 N/A 67 -349 415 N/A -160 -193 -529 -982 N/A 422 -340 -791 N/A -979 160 N/A 267 N/A -566 -711 -649 532 602 N/A -753 648 38 986 N/A 743 979 -705 493 N/A -599 -626 -747 -819 -100 N/A 557 -214 554 -681 N/A 638 490 646 N/A 489 N/A 26 N/A -27 -4 -622 -186
853 N/A -393 N/A 920 N/A -176 -125 N/A 414 -700 -259 -426 -115 -693 484 61 -615 -666 N/A 396 N/A 329 -567 -25 58 992 -983 N/A 301 98 -690 N/A -596 -976 -689 N/A 617 -298 N/A 587 360
-490 892 -678 628 N/A 310 N/A 255 284 482 -909 -691 507 -892 695 -705 N/A -635 N/A -694 -578 -809 N/A -337 N/A -855 515 908 N/A -83 -175 656 -586 N/A -636 N/A 545 -494 N/A -854 -621 -899 -538 N/A 97 779 -542
-147 N/A -5 -546 997 N/A 250 838 N/A 532 781 9 N/A -822 N/A 684 N/A 925 -143 N/A -338 850 -524 724 -686 N/A 914 N/A -316 436 56 210 -319 823 -264 374 150 -174 N/A -644 N/A 229 -739 618 -341 N/A 568 -577 107 N/A 446 N/A 209 566 228 N/A 765 -371 411 -41 229 -243 -509
-907 N/A -289 N/A 905 -260 369 424 526 -790 21 -584 878 551 -626 N/A 486 N/A -822 -448 -943 907 N/A -410 N/A 434 -580 -717 -996 609 N/A 409 -60 879 N/A -272 N/A -321 N/A -681 -477 -183 246 -860 N/A 368 N/A -773
-183 N/A 709 -207 N/A 458 836 189 -53 N/A -771 N/A -635 516 -592 501 -307 299 -220 N/A -451 363 -949 N/A 282 N/A -627 941 471 N/A 369 487 N/A 457 144 N/A -857 319 196 550 N/A -580 701 N/A 842 N/A -539 562 -189 -366 662 -349 N/A 164 562 N/A 82 435 897 996 -276
231 -124 807 -125 37 N/A -193 N/A -316 N/A -253 -144 415 N/A -339 N/A 596 -589 N/A 904 -139 N/A 547 N/A 669 N/A 311 247 -641 743 152 862 N/A 655 183 -987 -618 -368 682 152 201
554 -136 N/A -15 -279 -87 N/A -380 N/A 880 130 -138 -761 -951 N/A -376 N/A -697 -863 -159 -341 N/A -194 249 N/A -374 N/A 371 N/A 191 -637 -70 3 N/A 697 -588 N/A 13 -512 -536 41 694 -278 N/A 655 -490 -510 N/A -231 -172 -895 N/A -452 -409 N/A -676 866 -956 -940 28
-381 392 928 N/A 907 N/A 81 505 N/A 526 N/A -849 0 -525 626 N/A -764 992 -397 N/A 849 979 -426 688 561 -363 N/A -806 -121 -228
-276 987 280 670 830 N/A -239 318 N/A -833 582 -173 946 774 N/A 471 N/A -286 N/A -734 442 209 N/A -720 534 -505 836 N/A 39
-935 -590 N/A -847 140 -986 671 -551 N/A 635 461 N/A -277 N/A -162 187 -179 394 41 -32 N/A 291 -947 -136 N/A 665 N/A -936 N/A -65 -744 840 445 -153 -919 N/A 149 947 N/A -457
301 N/A -917 -582 882 N/A 86 486 849 -877 335 -931 -582 284 N/A -582 N/A -967 233 530 560 -11 N/A -50 N/A -599
-318 -844 701 448 N/A -850 -216 N/A 291 N/A 533 N/A 947 -418 -593 -712 73 -798 N/A 388 N/A -286 -727 N/A 449 -358 661 964 N/A -825 -10 -122 -464 206 N/A 903 440 N/A -40 -415 -604 N/A -230 -143 -565 162 -298 -881 249 252 -529 -279 N/A -833 187 N/A 257 61 N/A 662 N/A 978 -3 N/A 251 -326 -850 -6 N/A -531
791 -713 N/A 433 837 -52 N/A -926 142 349 -688 -634 906 150 -95 N/A 859 -357 -504 N/A 328 N/A -460 -412 -549 N/A 999 N/A 471 584 N/A 942 -77 -107 727 -867 -520 N/A 923 415 16 -290 N/A 569 N/A -621 722
246 -884 408 -498 N/A -339 N/A -254 997 857 257 505 N/A 496 N/A -599 N/A 335 100 38 N/A -163 N/A -104 -291 707 N/A -649 943 -229 -194 -443 N/A 509 763 906 502 -26 -423 666 -31 N/A -8 -693 214 N/A -248 N/A -227 N/A 24 990 N/A -434 -153 593
363 -246 N/A -992 N/A 872 -890 N/A -688 -816 -937 N/A -241 -232 -244 N/A -16 -279 N/A 613 809 525 -124 922 10
-40 292 N/A -932 N/A -327 731 N/A 659 810 96 -960 830 N/A -605 805 N/A 613 N/A 324 342 -374 N/A 839 -186 N/A -155 602 29 -280 969 N/A -735 976 608 -388 -303
209 534 -948 N/A -572 -89 -934 N/A -940 N/A -90 80 -898 -292 637 358 894 311 N/A -863 -292 N/A 81 -669 N/A -243 799
858 492 397 -267 N/A 57 854 N/A -537 -126 -45 -375 564 447 -375 N/A -389 171 N/A 857 N/A 725 427 -600 N/A -165 -544 N/A 353 72 192 -231 N/A 919 601 234 -501 N/A 713 N/A -666 -26 -989 113 959 -213 N/A 597 N/A -319 N/A 915 -861
837 -486 N/A -720 -175 -521 N/A -51 -611 -692 N/A 223 -946 -123 N/A 970 N/A -73 N/A -906 -482 -639 457 -131 749 N/A -167 -155 -386 819 232
122 933 N/A -933 N/A -103 814 723 842 -626 -224 501 275 -485 N/A 565 -31 N/A -640 N/A -326 N/A 947 N/A -716 686 618 N/A -577 585 863 -869 -14 -302 169 N/A 216
-493 N/A 71 -549 N/A 389 N/A 239 N/A 672 N/A -143 N/A 60 944 -306 -990 41 -25 N/A 121 128 536 -39 N/A -511 696 -260 -65 -977 842 591 N/A 774 780 -894 -92 -833 -322 N/A -463 736 N/A 371 -607 942 -121 -274 N/A 393 -410 N/A -6 N/A 86 86 163
-375 608 -559 266 N/A 460 -975 404 N/A -110 N/A -563 N/A 166 -191 663 -182 N/A 170 N/A 634 -358 -781 N/A 214 354 N/A -250 274 N/A 555 388 N/A -920 N/A 384 161 520 N/A -310 -422 N/A 682 -598 26 N/A 676 -846 -221 N/A 341 -893 N/A 453 392 -920 -798 -105 -739 773 578 -39 -411 297 -488 797 N/A -107 N/A -779 -679 -928
207 N/A -120 399 N/A 297 N/A 881 -551 131 21 N/A 52 N/A 343 -572 -995 443 N/A -625 -229 N/A -988 -680 498 -374 N/A 434 113 -890 659 842 -258 N/A 312 -354 N/A 764 N/A -174 N/A -421 -392 665 787 -587 N/A -420 -581 N/A -801 -102 622 469 264 -45 141 N/A 440 972 496
-54 -151 -924 -434 -253 -990 628 568 -100 N/A 806 682 -969 N/A -548 N/A 342 -83 N/A -619 -847 N/A 62 -437 N/A 694
798 -187 N/A -310 N/A 208 767 N/A -440 -975 N/A -506 -599 258 -151 -98 N/A -585 -335 126 N/A -900 823 616 -10 413 N/A -889 100 N/A -497 N/A -111 N/A 972 -117 -290 320 -275 -860 N/A -883 N/A 758 -209 -978 116 792 -165 -131 896 N/A 13 105 N/A -278
-568 746 617 -963 N/A 51 -560 51 556 N/A 316 -269 169 306 447 -606 924 -792 N/A 626 -804 437 N/A 956 N/A 570 N/A -113 12 N/A 981 -234 325 N/A 49
-361 -476 637 N/A -211 370 N/A -312 210 958 -370 -4 917 -6 74 -956 130 N/A 644 162 -708 -498 361 -924 290 815 N/A 898 N/A 575 931 N/A -683 473 136 N/A 674 136 N/A 354 N/A 689 -93 157 N/A -854 -344 -814 N/A 184 493 N/A 692 37 N/A 62 -828 N/A -111 N/A 451 -476
764 N/A -515 254 N/A -269 N/A -563 -91 N/A -195 928 18 -559 678 372 -155 -584 N/A 771 -165 N/A 480 -338 N/A -601 18 N/A 133 -79 27 6 -251 -365 N/A -653 -353 -823 143 435 -16 -368 272 N/A 470 N/A -908 N/A -804 -281 800 N/A 151 458
-28 191 -893 N/A 339 -896 -524 -359 -198 N/A -432 897 N/A -982 N/A -64 -402 915 290 -7 -579 N/A -107 N/A 746 72 N/A -302
923 7 67 550 675 N/A -740 783 112 134 N/A -903 142 N/A 615 902 -386 N/A -987 N/A -576 959 418 N/A 945 497 223 -328 5 N/A -861 -683 N/A 958 N/A 561 -800 N/A 264 -806 617 -390 989 N/A -329 459
-442 -91 -739 91 -545 743 245 -20 N/A -244 N/A 493 856 26 91 N/A -538 -946 777 N/A 290 239 N/A 864 -24 35 N/A -221 N/A -482 N/A -52 -364 -718 N/A 571 -286 729 837 -300 -407 -418 -812 N/A 960 703 -804 N/A -835 -548 -861 -505 -365 N/A 741 832 N/A -780 -418 -325 N/A 473 -45 N/A 922 -833 N/A 935 N/A 169 N/A 8 64
629 93 814 -207 -274 460 237 -305 N/A 874 N/A -346 956 N/A 490 N/A 643 N/A 874 -407 N/A -610 668 -984 338 961 N/A -439 N/A 589 -214 735 -806 -803 N/A 998 747 -26 N/A -385 -116 -861 588 N/A -985 N/A -502 986 832 N/A -46 -435 -284 274 -590 N/A -390
356 -100 N/A -117 N/A -3 N/A -813 N/A 492 940 -678 662 -324 -996 -783 -925 559 -511 702 869 -175 N/A -897 N/A 509 -465 N/A -47 -365 N/A 521 151 -201 -505 N/A 152 -160 -945 N/A -974 369 -349
-530 N/A 270 N/A -171 -776 N/A 990 407 199 N/A -850 N/A -764 534 586 -649 -94 603 N/A -802 -845 -678 524 332 -501 N/A 88 228 N/A 984 497 410 516 N/A -973 988 63 207 N/A -345 N/A 839 823 -761 -545 -12 N/A -513 988 N/A -593 -411 448 N/A -31 489
517 733 -192 247 -131 669 N/A 629 -176 N/A -380 N/A 495 -137 -753 48 N/A -141 -695 776 -786 N/A -846 -62 450 N/A -192 N/A 628 -97 N/A -909 N/A 219 N/A 7 365 799 167 -243 353 N/A -343 361 N/A -917 -256 -302 N/A 875 N/A 391 716 853 642 774 -271 -947
378 683 N/A -522 915 326 N/A -734 382 -316 N/A -245 N/A 833 -165 N/A -547 225 -937 -519 677 N/A 932 583 374 N/A 85 171 N/A 940 -191 -655 N/A 437 298 764 -870 881 N/A 891 472 304 891 N/A -301 344 954 -231 686 253 N/A -491 N/A 124 341 839 N/A -107 -528
24 -694 N/A 679 657 454 -941 N/A 566 -270 N/A -749 N/A -851 N/A 169 N/A -224 164 -867 213 717 610 -133 -105 537 327
272 -459 -909 -157 -190 N/A -389 N/A 359 -952 997 597 -292 -776 N/A 801 -374 N/A -863 -674 963 670 425 N/A -929 62 -784 176 N/A -510 -812 0 257 -960 871 N/A 507 N/A -585 847 535 957 N/A 341 N/A -242 -700 -848 -644 -199 N/A 936 N/A 877 N/A -159 N/A 541 N/A 896 -892 881
772 722 -307 -935 N/A -377 -945 N/A 960 N/A 740 -301 -986 N/A -64 645 -365 -736 -416 N/A 582 N/A 332 356 N/A 945 -490 683 -267 -166 7 N/A 52
747 -358 N/A -921 226 909 831 N/A 930 803 -338 892 57 106 781 N/A 397 -574 N/A 724 -303 20 37 -67 -197 N/A 769 601 -583 N/A -126 579 -96 N/A 489 N/A 671 556 -923 361 N/A -432 N/A 73 782 -809 N/A -238 656 359 222 252 N/A 976 898 N/A -630 N/A -329 430 N/A 669 N/A 961 221
-448 -588 N/A 647 -427 422 604 -734 N/A -428 901 N/A 239 N/A -980 520 N/A 583 -837 958 N/A -686 -562 501 -828 -699 272 -736 N/A 75 N/A 120 598 -379 N/A -369 -462 N/A 105 -683 -193
-763 841 -360 -349 N/A -781 N/A -225 N/A 263 N/A 301 3 N/A -582 N/A 191 398 N/A 170 -288 -204 109 -652 839 N/A 713 481 -20 N/A -516 780 -495 -739 -103 N/A -735 584 -682 -625 -501 -755 -833 479 N/A 807 855 -569 -234 N/A 370 486 -96 N/A 231 -379 N/A 600
109 339 203 931 -375 659 -240 929 N/A 174 -492 N/A 313 N/A 569 865 N/A -18 -238 754 N/A -298 -123 71 N/A -467 N/A 377 535 N/A 196 N/A 692 N/A 936 717 38 N/A 132 331 -415 N/A 127 -651 674 -399 447 -165 -402
529 249 -419 384 -89 290 N/A -349 -109 -703 N/A -650 N/A -265 -473 N/A 721 -343 215 -505 473 N/A -437 303 N/A -690 -129 44 -272 N/A -741 N/A -946 433 N/A 355 -898 94 N/A -526 -910 N/A 487 893 -949 660 -209 476 N/A 232 N/A 25 -386 96 N/A -445 -83 -984 N/A -153 53 -299
561 -200 516 -492 801 739 N/A 234 -899 874 N/A -160 N/A 375 388 -341 N/A 197 580 -438 N/A 838 -562 388 N/A -363 N/A 964 -674 -94 -600 N/A -264 N/A -603 732 694 205 710 -626 596 -255 N/A 387 -845 -596 N/A -597 -791 573 N/A 446 N/A 834 426 -256 867 N/A 456 70 428 N/A 661 N/A -196 854
106 257 N/A 461 380 -892 864 664 541 -141 -627 N/A -577 -646 -662 -682 N/A 988 N/A -630 N/A 706 -427 N/A -252 N/A 332 -469 -80 -913 N/A -443 N/A 832 160 N/A -515 661 N/A 383 -513 884 657 -291 N/A 381 -427 N/A 753 278 -149 N/A 652 448 -430 N/A -401 -221 423 -378 -800 N/A 24 619 N/A 291 176 176